CIA - The World Factbook --  Radios   

| Rank | country | Radios | Date of Information |
| --- | --- | --- | --- |
| 1 | United States | 575,000,000.00 | 1997 |
| 2 | China | 417,000,000.00 | 1997 |
| 3 | Japan | 120,500,000.00 | 1997 |
| 4 | India | 116,000,000.00 | 1997 |
| 5 | United Kingdom | 84,500,000.00 | 1997 |
| 6 | Germany | 77,800,000.00 | 1997 |
| 7 | Brazil | 71,000,000.00 | 1997 |
| 8 | Russia | 61,500,000.00 | 1997 |
| 9 | France | 55,300,000.00 | 1997 |
| 10 | Italy | 50,500,000.00 | 1997 |
| 11 | Korea, South | 47,500,000.00 | 2000 |
| 12 | Ukraine | 45,050,000.00 | 1997 |
| 13 | Canada | 32,300,000.00 | 1997 |
| 14 | Indonesia | 31,500,000.00 | 1997 |
| 15 | Mexico | 31,000,000.00 | 1997 |
| 16 | Australia | 25,500,000.00 | 1997 |
| 17 | Argentina | 24,300,000.00 | 1997 |
| 18 | Nigeria | 23,500,000.00 | 1997 |
| 19 | Colombia | 21,000,000.00 | 1997 |
| 20 | Egypt | 20,500,000.00 | 1997 |
| 21 | Poland | 20,200,000.00 | 1997 |
| 22 | Congo, Democratic Republic of the | 18,030,000.00 | 1997 |
| 23 | Iran | 17,000,000.00 | 1997 |
| 24 | South Africa | 17,000,000.00 | 2001 |
| 25 | Taiwan | 16,000,000.00 | 1994 |
| 26 | Netherlands | 15,300,000.00 | 1996 |
| 27 | Ethiopia | 15,200,000.00 | 2002 |
| 28 | Thailand | 13,960,000.00 | 1997 |
| 29 | Pakistan | 13,500,000.00 | 1997 |
| 30 | Spain | 13,100,000.00 | 1997 |
| 31 | Ghana | 12,500,000.00 | 2001 |
| 32 | Philippines | 11,500,000.00 | 1997 |
| 33 | Turkey | 11,300,000.00 | 1997 |
| 34 | Malaysia | 10,900,000.00 | 1999 |
| 35 | Uzbekistan | 10,800,000.00 | 1997 |
| 36 | Venezuela | 10,750,000.00 | 1997 |
| 37 | Tanzania | 8,800,000.00 | 1997 |
| 38 | Sweden | 8,250,000.00 | 1997 |
| 39 | Vietnam | 8,200,000.00 | 1997 |
| 40 | Belgium | 8,075,000.00 | 1997 |
| 41 | Finland | 7,700,000.00 | 1997 |
| 42 | Sudan | 7,550,000.00 | 1997 |
| 43 | Romania | 7,200,000.00 | 1997 |
| 44 | Algeria | 7,100,000.00 | 1997 |
| 45 | Switzerland | 7,100,000.00 | 1997 |
| 46 | Hungary | 7,010,000.00 | 1997 |
| 47 | Peru | 6,650,000.00 | 1997 |
| 48 | Morocco | 6,640,000.00 | 1997 |
| 49 | Kazakhstan | 6,470,000.00 | 1997 |
| 50 | Saudi Arabia | 6,250,000.00 | 1997 |
| 51 | Bangladesh | 6,150,000.00 | 1997 |
| 52 | Austria | 6,080,000.00 | 1997 |
| 53 | Denmark | 6,020,000.00 | 1997 |
| 54 | Bolivia | 5,250,000.00 | 1997 |
| 55 | Chile | 5,180,000.00 | 1997 |
| 56 | Greece | 5,020,000.00 | 1997 |
| 57 | Ecuador | 5,000,000.00 | 2001 |
| 58 | Uganda | 5,000,000.00 | 2001 |
| 59 | Iraq | 4,850,000.00 | 1997 |
| 60 | Bulgaria | 4,510,000.00 | 1997 |
| 61 | Hong Kong | 4,450,000.00 | 1997 |
| 62 | Burma | 4,200,000.00 | 1997 |
| 63 | Syria | 4,150,000.00 | 1997 |
| 64 | Norway | 4,030,000.00 | 1997 |
| 65 | Cuba | 3,900,000.00 | 1997 |
| 66 | Sri Lanka | 3,850,000.00 | 1997 |
| 67 | New Zealand | 3,750,000.00 | 1997 |
| 68 | Korea, North | 3,360,000.00 | 1997 |
| 69 | Moldova | 3,220,000.00 | 1997 |
| 70 | Czech Republic | 3,159,134.00 | December 2000 |
| 71 | Slovakia | 3,120,000.00 | 1997 |
| 72 | Israel | 3,070,000.00 | 1997 |
| 73 | Kenya | 3,070,000.00 | 1997 |
| 74 | Madagascar | 3,050,000.00 | 1997 |
| 75 | Belarus | 3,020,000.00 | 1997 |
| 76 | Portugal | 3,020,000.00 | 1997 |
| 77 | Georgia | 3,020,000.00 | 1997 |
| 78 | Lebanon | 2,850,000.00 | 1997 |
| 79 | El Salvador | 2,750,000.00 | 1997 |
| 80 | Puerto Rico | 2,700,000.00 | 1997 |
| 81 | Malawi | 2,600,000.00 | 1997 |
| 82 | Singapore | 2,600,000.00 | 2000 |
| 83 | Ireland | 2,550,000.00 | 1997 |
| 84 | Honduras | 2,450,000.00 | 1997 |
| 85 | Cameroon | 2,270,000.00 | 1997 |
| 86 | Cote d'Ivoire | 2,260,000.00 | 1997 |
| 87 | Tunisia | 2,060,000.00 | 1997 |
| 88 | Uruguay | 1,970,000.00 | 1997 |
| 89 | Lithuania | 1,900,000.00 | 1997 |
| 90 | Latvia | 1,760,000.00 | 1997 |
| 91 | Chad | 1,670,000.00 | 1997 |
| 92 | Jordan | 1,660,000.00 | 1997 |
| 93 | Croatia | 1,510,000.00 | 1997 |
| 94 | Dominican Republic | 1,440,000.00 | 1997 |
| 95 | Oman | 1,400,000.00 | 1997 |
| 96 | Libya | 1,350,000.00 | 1997 |
| 97 | Cambodia | 1,340,000.00 | 1997 |
| 98 | Tajikistan | 1,291,000.00 | 1991 |
| 99 | Nicaragua | 1,240,000.00 | 1997 |
| 100 | Senegal | 1,240,000.00 | 1997 |
| 101 | Turkmenistan | 1,225,000.00 | 1997 |
| 102 | Jamaica | 1,215,000.00 | 1997 |
| 103 | Zambia | 1,200,000.00 | 2001 |
| 104 | Kuwait | 1,175,000.00 | 1997 |
| 105 | Zimbabwe | 1,140,000.00 | 1997 |
| 106 | Sierra Leone | 1,120,000.00 | 1997 |
| 107 | Yemen | 1,050,000.00 | 1997 |
| 108 | Estonia | 1,010,000.00 | 1997 |
| 109 | Albania | 1,000,000.00 | 2001 |
| 110 | Costa Rica | 980,000.00 | 1997 |
| 111 | Bosnia and Herzegovina | 940,000.00 | 1997 |
| 112 | Togo | 940,000.00 | 1997 |
| 113 | Paraguay | 925,000.00 | 1997 |
| 114 | Armenia | 850,000.00 | 1997 |
| 115 | Nepal | 840,000.00 | 1997 |
| 116 | Guatemala | 835,000.00 | 1997 |
| 117 | United Arab Emirates | 820,000.00 | 1997 |
| 118 | Angola | 815,000.00 | 2000 |
| 119 | Panama | 815,000.00 | 1997 |
| 120 | Slovenia | 805,000.00 | 1997 |
| 121 | Liberia | 790,000.00 | 1997 |
| 122 | Laos | 730,000.00 | 1997 |
| 123 | Mozambique | 730,000.00 | 1997 |
| 124 | Niger | 680,000.00 | 1997 |
| 125 | Trinidad and Tobago | 680,000.00 | 1997 |
| 126 | Benin | 660,000.00 | 2000 |
| 127 | Rwanda | 601,000.00 | 1997 |
| 128 | Mali | 570,000.00 | 1997 |
| 129 | Fiji | 541,476.00 | 1999 |
| 130 | Kyrgyzstan | 520,000.00 | 1997 |
| 131 | Somalia | 470,000.00 | 1997 |
| 132 | Burundi | 440,000.00 | 2001 |
| 133 | Guyana | 420,000.00 | 1997 |
| 134 | Mauritius | 420,000.00 | 1997 |
| 135 | Haiti | 415,000.00 | 1997 |
| 136 | Macedonia | 410,000.00 | 1997 |
| 137 | Mauritania | 410,000.00 | 2001 |
| 138 | Papua New Guinea | 410,000.00 | 1997 |
| 139 | Burkina Faso | 394,020.00 | 2000 |
| 140 | Guinea | 357,000.00 | 1997 |
| 141 | Eritrea | 345,000.00 | 1997 |
| 142 | Congo, Republic of the | 341,000.00 | 1997 |
| 143 | Bahrain | 338,000.00 | 1997 |
| 144 | Brunei | 329,000.00 | 1998 |
| 145 | Cyprus | 310,000.00 | NA |
| 146 | Suriname | 300,000.00 | 1997 |
| 147 | Luxembourg | 285,000.00 | 1997 |
| 148 | Central African Republic | 283,000.00 | 1997 |
| 149 | Iceland | 260,000.00 | 1997 |
| 150 | Qatar | 256,000.00 | 1997 |
| 151 | Malta | 255,000.00 | 1997 |
| 152 | Botswana | 252,720.00 | 2000 |
| 153 | Barbados | 237,000.00 | 1997 |
| 154 | Namibia | 232,000.00 | 1997 |
| 155 | Netherlands Antilles | 217,000.00 | 1997 |
| 156 | Bahamas, The | 215,000.00 | 1997 |
| 157 | Gabon | 208,000.00 | 1997 |
| 158 | Gambia, The | 196,000.00 | 1997 |
| 159 | Equatorial Guinea | 180,000.00 | 1997 |
| 160 | Azerbaijan | 175,000.00 | 1997 |
| 161 | Samoa | 174,849.00 | 1997 |
| 162 | Swaziland | 170,000.00 | 1999 |
| 163 | Afghanistan | 167,000.00 | 1999 |
| 164 | Macau | 160,000.00 | 1997 |
| 165 | Mongolia | 155,900.00 | 1999 |
| 166 | Belize | 133,000.00 | 1997 |
| 167 | French Polynesia | 128,000.00 | 1997 |
| 168 | Saint Lucia | 111,000.00 | 1997 |
| 169 | New Caledonia | 107,000.00 | 1997 |
| 170 | Virgin Islands | 107,000.00 | 1997 |
| 171 | Cape Verde | 100,000.00 | 2002 est. |
| 172 | Comoros | 90,000.00 | 1997 |
| 173 | Bermuda | 82,000.00 | 1997 |
| 174 | Saint Vincent and the Grenadines | 77,000.00 | 1997 |
| 175 | Vanuatu | 67,000.00 | 1997 |
| 176 | Tonga | 61,000.00 | 1997 |
| 177 | American Samoa | 57,000.00 | 1997 |
| 178 | Solomon Islands | 57,000.00 | 1997 |
| 179 | Grenada | 57,000.00 | 1997 |
| 180 | Cyprus | 56,450.00 | NA |
| 181 | Western Sahara | 56,000.00 | 1997 |
| 182 | Djibouti | 52,000.00 | 1997 |
| 183 | Aruba | 50,000.00 | 1997 |
| 184 | Guinea-Bissau | 49,000.00 | 1997 |
| 185 | Dominica | 46,000.00 | 1997 |
| 186 | Seychelles | 42,000.00 | 1997 |
| 187 | Sao Tome and Principe | 38,000.00 | 1997 |
| 188 | Bhutan | 37,000.00 | 1997 |
| 189 | Gibraltar | 37,000.00 | 1997 |
| 190 | Antigua and Barbuda | 36,000.00 | 1997 |
| 191 | Cayman Islands | 36,000.00 | 1997 |
| 192 | Maldives | 35,000.00 | 1999 |
| 193 | Monaco | 34,000.00 | 1997 |
| 194 | Greenland | 30,000.00 | 1998 est. |
| 195 | Saint Kitts and Nevis | 28,000.00 | 1997 |
| 196 | Faroe Islands | 26,000.00 | 1997 |
| 197 | Liechtenstein | 21,000.00 | 1997 |
| 198 | Kiribati | 17,000.00 | 1997 |
| 199 | Andorra | 16,000.00 | 1997 |
| 200 | San Marino | 16,000.00 | 1997 |
| 201 | Cook Islands | 14,000.00 | 1997 |
| 202 | Palau | 12,000.00 | 1997 |
| 203 | Micronesia, Federated States of | 9,400.00 | 1996 |
| 204 | British Virgin Islands | 9,000.00 | 1997 |
| 205 | Turks and Caicos Islands | 8,000.00 | 1997 |
| 206 | Montserrat | 7,000.00 | 1997 |
| 207 | Nauru | 7,000.00 | 1997 |
| 208 | Saint Pierre and Miquelon | 4,000.00 | 1997 |
| 209 | Tuvalu | 4,000.00 | 1997 |
| 210 | Anguilla | 3,000.00 | 1997 |
| 211 | Saint Helena | 3,000.00 | 1997 |
| 212 | Norfolk Island | 2,500.00 | 1996 |
| 213 | Falkland Islands (Islas Malvinas) | 1,000.00 | 1997 |
| 214 | Tokelau | 1,000.00 | 1997 |
| 215 | Christmas Island | 1,000.00 | 1997 |
| 216 | Niue | 1,000.00 | 1997 |
| 217 | Cocos (Keeling) Islands | 300.00 | 1992 |
